21988294110
2124894200
21980926496
21982784328
21964497784
21976026653
21964241468
21964261614
21965412127
21971751513
91983425994
21984200521
21993919376
21967792003
21970011443
21988380545
21964326532
21966802194
21969419273
21968081105
21989993729
21975763778
21969148315
21998539657
61993760352
21982010168
21991867818
21993979445
21985775578
21994388448
21993973767







































































































































































































































































































































































































































































































































































































































































































































































































































































































































































































